Epoch [D]           RV [km/s]            RV_err [km/s]           InstrumentID
143.69393690        15.70121374          0.10168760              0
360.32964850        27.58763619          0.23262724              0
368.32854350        25.74093942          0.08032053              0
369.34035080        25.54305626          0.09588013              0
371.27971130        25.07790352          0.09817207              0
373.27982410        24.65501637          0.26797305              0
373.28348800        24.72400036          0.16272016              0
374.28013140        24.46839448          0.11757646              0
375.28065560        24.33150428          0.11040851              0
375.75424240        24.31750120          0.17570609              0
377.79621970        24.07680919          0.52487996              0
378.79372590        23.53581534          0.66878809              0
379.28206460        23.50139071          0.10993830              0
379.78106430        23.36537209          0.17337073              0
380.28202400        23.36694045          0.09354472              0
380.79006510        23.20343561          0.13114337              0
384.73542460        22.56001141          0.14565383              0
385.28423410        22.42677558          0.09116186              0
386.28445660        22.28086852          0.09329564              0
386.80802500        21.90436196          0.13892600              0
387.28492820        22.02218794          0.08502820              0
390.28646100        21.50184171          0.10938393              0
391.28689190        21.35037236          0.52186752              0
392.28765690        21.05117469          0.16310430              0
393.79384560        20.66652492          0.32487115              0
394.29476060        20.73068000          0.33802640              0
395.28912230        20.41450860          0.12656725              0
396.29125190        20.23770641          0.17901139              0
396.77593580        19.72782481          0.62077248              0
397.28995960        20.09896713          0.11787407              0
398.29038930        19.96057707          0.13996927              0
399.29076970        19.73102864          0.14894625              0
400.29124800        19.68637131          0.16461100              0
403.80675920        18.99315016          0.11228311              0
404.78700940        18.92460819          0.17534128              0
406.80791740        18.49969013          0.11391647              0
407.79840950        18.30448667          0.08892511              0
408.81024260        18.13400887          0.07541440              0
412.79121420        17.44461242          0.10293843              0
413.78504230        17.17836107          0.06970541              0
414.78725760        16.98997971          0.12277856              0
415.75797360        16.95915421          0.19166706              0
416.79579890        16.74652035          0.10551159              0
417.80509400        16.55515567          0.09547306              0
418.80003820        16.37577350          0.10035140              0
424.71905040        15.67159468          0.18520012              0
425.70694930        15.65088365          0.20074101              0
429.68513360        15.08552492          0.20498936              0
430.70797710        14.91348243          0.11279171              0
431.69432380        14.72886310          0.14561487              0
435.67383990        14.34000419          0.11716682              0
436.67943900        14.14280655          0.15259247              0
444.62854510        13.52023413          0.09053560              0
447.63115300        13.34669219          0.09033247              0
448.63140630        13.25341516          0.11203254              0
451.63878000        13.25199080          0.08673504              0
453.63110980        13.11638716          0.11047261              0
454.62684290        13.17974715          0.11923441              0
455.66134310        13.14654597          0.09075169              0
456.65422070        13.17309325          0.06874979              0
458.77523080        13.39315935          0.09614644              0
460.76941970        13.43224942          0.11004487              0
461.74508730        13.49232523          0.12574743              0
462.75203650        13.54467094          0.08597311              0
463.75660850        13.81555271          0.11883475              0
464.75229830        13.95062552          0.09150526              0
465.75110440        14.10626323          0.08886929              0
466.75178430        14.23149216          0.06753647              0
467.75202620        14.39992900          0.09393578              0
472.73673630        15.70854626          0.07948732              0
472.77271160        15.65828850          0.09725080              0
473.73572130        16.09950839          0.26633814              0
474.73140250        16.31471150          0.05304181              0
475.72785010        16.80967459          0.08551595              0
476.73361940        17.31627012          0.08451784              0
476.76748740        17.39663610          0.10278928              0
477.43699570        17.73293973          0.19334463              0
477.72231500        17.72859454          0.09374010              0
477.75755050        17.81787807          0.06996913              0
479.71764380        18.82800861          0.06721472              0
480.42569410        19.30525063          0.40120315              0
481.45151000        19.91130210          0.13788372              0
482.45646180        20.66556335          0.09169929              0
482.71377980        20.77197097          0.13141822              0
487.44076200        24.51119522          0.18824294              0
487.70637170        24.63529019          0.08480524              0
488.41740760        25.45287206          0.17819791              0
488.69509190        25.54033128          0.11981658              0
488.75355560        25.56296632          0.15225995              0
489.69214210        26.50822548          0.10313998              0
490.43165490        27.12920262          0.69553759              0
491.44040870        28.54435434          0.10957053              0
498.56854340        37.83736345          0.32771658              0
498.73892480        37.78241642          0.10584531              0
499.73054820        39.43974687          0.61721467              0
501.71777660        42.03764189          0.07570121              0
502.46402040        43.10911174          0.11557032              0
502.71277660        43.34203306          0.07071703              0
503.36360000        44.46599777          0.16386261              0
503.50734570        44.60442065          0.08212525              0
503.66490870        44.74726187          0.07654284              0
503.73822120        44.72696794          0.06326278              0
504.48084660        45.80966242          0.13056619              0
504.48547470        45.86308477          0.12437947              0
504.73055060        46.14981409          0.07228101              0
505.35727790        47.17601645          0.13430648              0
505.36059520        47.24206723          0.12750536              0
505.36389800        47.18044623          0.19448383              0
505.36722800        47.17574883          0.25580734              0
505.37055070        47.14333524          0.24155522              0
505.41078150        47.21138535          0.08563888              0
505.41409850        47.23235630          0.06418597              0
505.41751780        47.20011229          0.11025959              0
505.42082400        47.15411877          0.16615964              0
505.42418470        47.17319917          0.11441723              0
505.42749130        47.18118435          0.14361468              0
505.60437370        47.31077432          0.08286501              0
505.60767660        47.40683039          0.08399060              0
505.61098470        47.30415816          0.07276006              0
505.61428450        47.32911606          0.08185310              0
505.61758570        47.38896974          0.08300755              0
505.62089390        47.32638514          0.06933786              0
505.72919040        47.57841799          0.06540868              0
505.73249180        47.53268023          0.06439961              0
505.73581770        47.60999619          0.08197129              0
505.73946850        47.56184674          0.08863439              0
505.74278020        47.60023091          0.05928980              0
505.74609110        47.61335036          0.07382490              0
505.75353900        47.55880777          0.07644594              0
506.37548330        48.58323154          0.16851273              0
506.42117370        48.68590153          0.19900757              0
506.42449200        48.57600191          0.11204393              0
506.42779760        48.59791753          0.26512776              0
506.43110910        48.42487669          0.18715872              0
506.43441820        48.45455766          0.47376176              0
506.43772470        48.57749704          0.13411280              0
506.61631510        48.64785929          0.19580993              0
506.61961640        48.76650825          0.16232828              0
507.37523320        49.95152635          0.19082672              0
507.37854950        49.73117717          0.15123366              0
507.38185630        49.85260665          0.13847887              0
507.38516610        49.88234234          0.14862655              0
507.38852520        49.89232077          0.15257258              0
507.39183160        49.87058131          0.09704658              0
507.53271210        49.91629261          0.10939047              0
507.53602620        49.99562568          0.11151848              0
507.53933190        49.94609597          0.11515729              0
507.54263880        49.88747596          0.11169412              0
507.54594050        49.96448435          0.10259298              0
507.54924490        49.96598977          0.08656710              0
507.64351200        50.10783783          0.08937061              0
507.64681280        50.11044365          0.06925576              0
507.65011980        50.06630235          0.08112248              0
507.65343190        50.08190774          0.09732665              0
507.65682570        50.09192694          0.09847072              0
507.66013320        50.12460042          0.09207447              0
508.35252410        51.11899289          0.20749504              0
508.35583030        51.16787452          0.22465463              0
508.35914070        51.14891129          0.14008497              0
508.36244460        51.15579832          0.18737118              0
508.36575150        51.16219787          0.21157149              0
508.36905650        51.20036671          0.18523227              0
508.50803310        51.05052852          0.17575585              0
508.51133410        51.19007731          0.10942401              0
508.51470190        51.18653100          0.11521294              0
508.51802480        51.09243374          0.15502482              0
508.63335400        51.25038033          0.07961574              0
508.63666240        51.26463968          0.10683344              0
508.63997040        51.22787458          0.11911852              0
508.64328230        51.21762858          0.11681817              0
508.64659390        51.23263135          0.08767871              0
508.64991120        51.22911761          0.12651961              0
508.72789110        51.38382922          0.13329471              0
509.34806280        52.42315235          0.12235894              0
509.35137590        52.43959056          0.13726962              0
509.35467750        52.44031673          0.12316082              0
509.35798760        52.33581201          0.14654122              0
509.36129900        52.34432961          0.21153096              0
509.36460090        52.36514931          1.00045396              0
509.46796860        52.47497295          0.15312149              0
509.57326090        52.55599751          0.13618810              0
509.57656390        52.55386771          0.09630901              0
509.57991960        52.63170875          0.17742448              0
509.58333690        52.58620052          0.16528264              0
509.58663840        52.21106707          0.35251144              0
509.68481220        52.52396829          0.10970832              0
509.68823110        52.52678123          0.11421286              0
509.69153220        52.44607545          0.09918062              0
509.69483410        52.42486032          0.26504370              0
509.69819170        52.57653239          0.09846991              0
509.70149750        52.48376578          0.12035267              0
510.51912650        53.44924810          0.11041725              0
510.60616450        53.82177229          0.16145500              0
510.69417620        53.71544803          0.11894408              0
510.74050370        53.75937824          0.09033156              0
511.35581150        54.62913948          0.44023059              0
511.35914010        54.21900854          1.90052867              0
511.36246670        54.47716583          0.44982006              0
511.36576810        54.33352039          0.31410057              0
511.36907620        54.35861333          0.15869835              0
512.71732660        55.44573213          1.43044266              0
512.72162710        55.74608203          0.16178874              0
514.37505920        57.37409031          0.23106097              0
514.42511380        57.32359931          0.44310445              0
514.66660410        57.34468061          0.11121264              0
515.49937850        57.97476832          0.09662140              0
515.65951960        58.04399365          0.09821750              0
516.39688790        58.78876558          0.16971455              0
516.40019630        58.86402777          0.16652287              0
516.65602680        58.74561442          0.26511245              0
516.65933650        58.85939671          0.10009438              0
516.66264090        58.85096300          0.14315309              0
516.66594670        58.83023661          0.12275032              0
516.66925590        58.83661626          0.10455773              0
516.67274300        58.86192213          0.10072652              0
516.72185990        58.89425000          0.10437404              0
516.72516260        58.90582323          0.10390700              0
516.72847590        58.89750585          0.11075149              0
516.73178740        58.98519165          0.23346082              0
516.73510360        58.86361839          0.10019912              0
516.73841690        58.85288842          0.11394862              0
519.64320700        60.49685152          0.11803263              0
520.39110950        60.84865681          0.17490601              0
521.37951640        61.19517518          0.14503993              0
521.39544460        61.06392448          0.18123445              0
521.62727450        61.12183038          0.04997470              0
521.73906450        61.08142906          0.08024841              0
522.39511240        61.52975333          0.10770499              0
522.52311340        61.38669290          0.12639788              0
522.62351400        61.42234186          0.06592395              0
522.66761950        61.33922934          0.07947725              0
522.67092610        61.30390814          0.08104580              0
522.67425230        61.34477065          0.11000504              0
522.67757770        61.35170402          0.11704169              0
522.68090740        61.35295398          0.10782970              0
522.68421980        61.36455803          0.10995446              0
523.38054690        61.69125158          0.09395128              0
523.39718390        61.61511200          0.07846669              0
523.50060620        61.58935845          0.10731889              0
523.63102560        61.49766813          0.10022695              0
523.66526390        61.60027464          0.10902857              0
523.66863430        61.54135112          0.07979330              0
523.67195160        61.49315310          0.07415944              0
523.67527540        61.51928516          0.10400692              0
523.67867050        61.56685206          0.08459870              0
523.68208950        61.58324244          0.09206836              0
524.38163640        61.79050520          0.14493263              0
524.38494190        61.75843335          0.12346539              0
524.38824580        61.75346413          0.12131033              0
524.39156280        61.72406964          0.15184926              0
524.39486460        61.81074487          0.20230606              0
524.39817120        61.69240219          0.13932857              0
524.46892270        61.79190471          0.13140777              0
524.57215920        61.61956055          0.06279169              0
524.63402070        61.57048516          0.11297665              0
524.66821650        61.69927845          0.10483918              0
525.36057080        61.86810784          0.08943459              0
525.38326150        61.81384522          0.17503802              0
525.39627990        61.86206112          0.31401193              0
525.57855810        61.76643543          0.21265780              0
525.62771880        61.80645761          0.13725847              0
526.36170990        61.83239703          0.18129728              0
526.39086480        61.79289035          0.07549979              0
526.55878550        61.83293640          0.12710492              0
526.62765600        61.88873836          0.13102142              0
527.37221720        61.98026000          0.13243365              0
527.49707000        61.72721171          0.14869077              0
527.61869170        61.60198952          0.10932610              0
527.71166140        61.70252654          0.06193143              0
528.38696990        61.82051921          0.10076245              0
528.48969650        61.59378888          0.12755063              0
528.60734180        61.62927832          0.10097224              0
528.64534010        61.47583673          0.13322832              0
529.37542570        61.64415779          0.21781553              0
529.49678170        61.53868675          0.09740847              0
529.59408840        61.44815803          0.11902506              0
530.49595430        61.44291700          0.12499883              0
530.59468170        61.46407110          0.18377109              0
530.63330700        61.37807268          0.17059092              0
531.59487250        61.28010667          0.08901279              0
531.63427000        61.27475235          0.08778640              0
532.37102390        61.28108929          0.08062997              0
532.48158070        61.10460432          0.09104011              0
532.59156960        61.07336014          0.18245005              0
533.37124160        61.07391929          0.19196757              0
533.48253410        61.09433192          0.50332323              0
533.58892420        60.90641867          0.17709969              0
534.60593470        60.84707422          0.16901216              0
534.64478370        60.76442816          0.27137532              0
534.64900780        60.72894423          0.41391109              0
537.48396460        59.77214845          0.09051783              0
537.59596740        59.60861810          0.10693923              0
538.45905980        59.38615305          0.09997633              0
538.59641790        59.25250481          0.09632082              0
539.36269630        59.22602206          0.12093445              0
539.55601180        58.95317226          0.08207498              0
540.47582490        58.80491194          0.06452693              0
540.56908620        58.80957819          0.06503610              0
541.47554620        58.53712348          0.09047176              0
541.56593330        58.47697571          0.12095584              0
542.35560580        58.27384781          0.09792585              0
542.46063140        58.00183145          0.08228008              0
542.57041090        57.85215345          0.09098687              0
543.42002310        57.81769942          0.11149075              0
543.57647540        57.48211017          0.09007323              0
543.60967490        57.48614794          0.06791943              0
544.42021130        57.43281108          0.11258104              0
546.46042320        56.64265505          0.06188521              0
547.46491210        56.33767853          0.20811613              0
548.45494430        55.91602511          0.10281121              0
549.46103850        55.55548841          0.11139477              0
550.41660640        55.15413611          0.11708977              0
552.45516210        54.37943387          0.07660306              0
555.45014750        53.20218152          0.10402142              0
555.53361650        53.12630703          0.09221472              0
555.56562490        53.07321959          0.09914867              0
556.46031010        52.72255729          0.08331723              0
556.53016520        52.76430352          0.11182366              0
557.44722740        52.37940301          0.06502039              0
557.52319580        52.28466455          0.08133770              0
557.55480850        52.34450219          0.09990591              0
558.40852040        51.96922700          0.07227786              0
558.52348330        51.83301107          0.05583612              0
559.44775180        51.58120923          0.08205047              0
560.52681220        51.02204835          0.08476445              0
561.44073560        50.72967726          0.06886113              0
561.52044220        50.78692435          0.11108302              0
563.43935230        50.00270968          0.10061033              0
563.51525700        50.02810172          0.11440413              0
564.50649250        49.63891766          0.15215777              0
567.50400100        48.35222010          0.14525422              0
568.43041900        48.25858537          0.16298960              0
568.50454150        48.14050718          0.12897281              0
569.40559340        47.85900700          0.18018522              0
569.51327580        47.94618703          0.17735262              0
570.40961700        47.49158955          0.10269481              0
570.50264500        47.40998997          0.34980330              0
571.50818230        46.91065743          0.15522789              0
572.48884220        46.55915773          0.08142377              0
573.48729520        46.12838016          0.10479041              0
574.48759170        45.85059303          0.09528081              0
575.47116120        45.43184303          0.14535892              0
576.46800350        45.08870355          0.08899707              0
577.46091930        44.87339427          0.09770920              0
577.51774450        44.90366000          0.10473407              0
578.47455160        44.42201990          0.07373538              0
579.70628980        44.20329635          0.10566306              0
580.74430380        43.89630168          0.11575336              0
581.70931440        43.60427232          0.11692764              0
582.69722500        43.28092474          0.17521514              0
583.69406470        42.93950589          0.13659520              0
584.69136960        42.49590117          0.13273362              0
585.70169490        42.27410555          0.14004199              0
586.72122600        41.89112555          0.11399643              0
587.71361580        41.62588587          0.09496332              0
588.71332690        41.36016816          0.17467524              0
592.71926120        40.26071946          0.11895348              0
593.72134990        39.86897956          0.09858521              0
594.72375310        39.57613475          0.12104496              0
595.61982560        39.24267317          0.34273190              0
597.62970000        38.65528955          0.13433152              0
598.62959060        38.31955976          0.10542803              0
599.63064220        38.03149669          0.14540344              0
601.61987430        37.48132625          0.12663130              0
635.66990990        28.85425877          0.18962710              0
636.64733720        28.12347884          0.38843013              0
637.40974370        28.35971361          0.14137504              0
637.63800770        28.24070173          0.16815725              0
638.38059220        28.13451332          0.08543732              0
638.64093670        28.11998533          0.15536360              0
639.39629630        27.81882658          0.09798687              0
639.64070770        27.84561724          0.24529836              0
640.40630260        27.92167552          0.43056302              0
640.64141960        27.90799403          0.17106638              0
641.37348290        27.57237779          0.11432322              0
641.64218150        27.66328120          0.25549354              0
642.64197920        27.17198400          0.18380054              0
644.64088430        26.88447266          0.25505461              0
645.61356320        26.62227116          0.15330230              0
646.36911380        26.40530431          0.12125344              0
646.37361170        26.37691506          0.11837052              0
647.36934950        26.22930804          0.08817362              0
647.37374480        26.19764710          0.09801063              0
648.37424740        26.16368247          0.12701175              0
649.36153810        25.75195529          0.11111145              0
651.39892060        25.35814885          0.06982421              0
653.37410160        24.55112443          0.09211376              0
654.37738880        24.43184132          0.07822289              0
654.38548420        24.48570984          0.14603881              0
656.32483060        24.14205132          0.10347395              0
658.32415070        23.66051806          0.13544298              0
658.36672630        23.77364674          0.18695579              0
658.37118830        23.68253745          0.11598222              0
658.37559830        23.85684558          0.11296506              0
658.38112840        23.90821900          0.11479789              0
659.32233100        23.76983284          0.07837271              0
659.36767980        23.83043239          0.16692861              0
659.37376740        23.78023723          0.08325113              0
660.32203230        23.60054431          0.10842702              0
661.34241470        23.40522668          0.08601335              0
661.36637790        23.39153716          0.09899157              0
661.37080670        23.43410948          0.11778046              0
661.59329040        23.46723550          0.16848527              0
662.55950050        23.24274826          0.13585069              0
663.30805490        23.03930429          0.11042109              0
664.30736120        22.78052125          0.11464569              0
665.34537290        22.60479890          0.11190418              0
666.37264180        22.45196826          0.23529484              0
667.30528450        22.35796677          0.13010338              0
668.32033080        22.12953492          0.17647167              0
672.37257790        21.04754465          0.11559215              0
672.40757690        21.00626432          0.13853205              0
672.43660560        21.06209800          0.14334564              0
683.38519540        19.40140033          0.12910954              0
694.30821200        17.40245797          0.12839593              0
701.28226690        16.55140192          0.11213935              0
701.39153480        16.41311359          0.38008980              0
702.30126720        16.29344513          0.07823000              0
702.39021060        16.19719910          0.09327827              0
703.30076810        16.02565385          0.09953241              0
705.29981840        15.76917055          0.08498461              0
708.29872080        15.33749221          0.19366629              0
709.30525670        15.18880839          0.14956992              0
711.41381190        14.84007454          0.17667924              0
711.41972840        14.88892850          0.12777320              0
711.42349430        14.95724115          0.15458600              0
711.42736480        14.80349813          0.22694302              0
711.43126740        15.01533954          0.24534520              0
711.43558140        14.92885729          0.25979848              0
711.43987310        14.87326678          0.19248365              0
711.44348950        14.85007923          0.25495938              0
711.44834790        14.99478845          0.18678903              0
717.37147260        14.24830720          0.09130362              0
717.37715330        14.37191803          0.10786175              0
717.38328620        14.35302661          0.12874652              0
717.39817040        14.34950310          0.09629076              0
717.40301770        14.36809935          0.08056050              0
726.79220590        13.42079126          0.18552875              0
726.79615620        13.43151788          0.14887662              0
726.79984940        13.30753042          0.19004955              0
727.80073480        13.46792793          0.37970810              0
728.80056190        13.53364437          0.07691850              0
732.80482810        13.28138807          0.11460962              0
737.72393050        13.38336568          0.12407110              0
738.72518630        13.46936963          0.17475016              0
757.81326360        17.82511616          0.17366788              0
763.72011710        20.70188706          0.31888808              0
763.72351070        21.25860346          0.16054620              0
764.72216370        21.94835380          0.33595929              0
764.72554200        21.92430544          0.28269524              0
769.77284980        26.36894861          0.17386902              0
770.72138550        27.35490677          0.13194956              0
770.81270020        27.31947542          0.11659282              0
779.71952580        38.54203717          0.12794457              0
779.81185880        38.56534776          0.12001753              0
780.73588940        39.77453774          0.07624594              0
780.80239500        40.09255644          0.12018088              0
780.80587920        39.79985662          0.26606114              0
780.80957670        39.73244874          0.17613322              0
781.76378760        41.35503417          0.09469762              0
782.72051060        42.80971984          0.10136881              0
783.71964050        44.10764503          0.16630559              0
787.72852610        49.78403742          0.16608248              0
788.71960200        50.94279326          0.10640206              0
789.72019680        52.24664665          0.33886884              0
791.73276540        54.46483997          0.10771276              0
792.73199240        55.20752117          0.10401378              0
820.54642380        59.34985589          0.18489973              0
822.60824370        58.43716792          0.14859299              0
823.59380760        58.11847361          0.12407149              0
824.59641960        57.72459806          0.12573167              0
842.77160880        50.42854448          0.07209967              0
853.64234890        46.46845265          0.15484393              0
855.73712300        45.86390460          0.16073371              0
860.74497110        43.96950413          0.09994762              0
863.72025140        42.91671839          0.12673685              0
863.74896280        42.89372003          0.09995957              0
995.46406350        14.61746252          0.20226632              0
1003.53591370       13.46853989          1.98995887              0
1091.79849800       61.65778011          0.19101914              0
1096.79959730       60.51605939          0.19229961              0
1101.78693150       58.96837252          0.18874305              0
1106.75588460       57.15652920          0.15422811              0
1110.74966960       55.56121597          0.20005232              0
1114.72740110       53.97851290          0.14439854              0
1121.71578010       51.17163806          0.16415626              0
1128.76825780       48.75358554          0.20910454              0
1131.68104290       47.61705913          0.15561420              0
1144.65407560       42.99656154          0.18038718              0
1213.51630020       24.84759404          0.22630803              0
1226.43634110       22.36560173          0.24198822              0
1233.40152170       21.25371481          0.34310837              0
1239.40603180       20.00063686          0.23776685              0
1242.39308520       19.66525868          0.51558477              0
1246.65381980       18.96078628          0.09193666              0
1259.60888470       16.69758055          0.10338367              0
1263.59053410       16.05188309          0.67307431              0
1267.60297120       15.43908107          0.10527321              0
1271.71219510       14.91375161          0.07682408              0
1277.73641800       14.34503224          0.12922296              0
1284.63746390       13.62058391          0.11707651              0
1289.62878430       13.39642451          0.10203293              0
1293.66913540       13.32425149          0.11291032              0
1299.65334740       13.48839967          0.10275871              0
1302.65313150       13.54259748          0.22751587              0
1306.63503480       14.07570412          0.10486379              0
1312.61886230       15.46538339          0.16372639              0
1317.60466330       17.04916013          0.11222749              0
1321.59297990       19.16164706          0.09812411              0
1324.56419630       21.02257674          0.12831372              0
1340.41153080       38.06903803          0.10597767              0
1346.71349960       46.93546711          0.21979127              0
1353.38447950       55.00853161          0.12689208              0
1357.35957750       58.46054761          0.26774235              0
1360.68429600       60.09171094          0.44316765              0
1366.62738080       61.41317358          0.67429066              0
1373.48752670       61.15923611          0.10775185              0
1380.41161570       59.41609474          0.15431582              0
1383.50317550       58.24314245          0.12589449              0
1386.52504920       57.41054555          0.21889747              0
1390.38507820       55.62292000          0.15890199              0
1393.30812160       54.56211107          0.32412827              0
1403.37786580       50.67197929          0.08916884              0
1406.40725130       49.66776810          0.17985973              0
1409.29639980       48.35290010          0.07173302              0
1415.34187660       46.15754802          0.13024869              0
1423.37747200       43.42695426          0.12077876              0
1426.31713130       42.51281841          0.14759381              0
1430.36825200       41.05706857          0.12943938              0
1433.28158350       40.26602061          0.13038353              0
1443.35737620       37.35843809          0.12651735              0
1479.35422780       28.22641209          0.15263096              0
1482.29906700       27.60534519          0.15411972              0
1487.28969820       26.21741409          0.55156326              0
1493.29256420       25.27364391          0.14449392              0
1496.79293760       24.59333248          0.23018519              0
1758.34043660       28.86645407          0.36121726              0
1759.34822850       28.51236906          0.12198894              0
1761.33649980       28.20093044          0.16024657              0
1762.34901050       27.92764962          0.14390240              0
1763.40458460       27.72760948          0.14203736              0
1764.33257450       27.29189629          0.10019875              0
1765.43859430       27.12176058          0.13415571              0
1766.46943750       26.91013919          0.09770168              0
1769.42248660       26.31176115          0.12033529              0
1771.37214530       25.84858123          0.11349238              0
1772.45513560       25.66519162          0.20410821              0
1775.31076340       25.04231981          0.12895456              0
1780.39800520       23.95712367          0.22506442              0
1781.43463370       23.90504444          0.26993911              0
1806.78814570       18.91563404          0.15858675              0
1838.72791540       14.33165437          0.16930542              0
1847.71562140       13.45241506          0.49354078              0
1848.72182740       13.41252654          0.22799470              0
1852.80930350       13.32277523          0.19158703              0
1853.74034090       13.23167299          0.25827720              0
1854.67805960       13.29475002          0.50958365              0
1859.69950430       13.42988470          0.56103772              0
1860.71543430       13.23019089          0.53844848              0
1865.68316160       13.76464171          0.28878343              0
1866.69016920       14.02359547          0.31499733              0
1867.70756740       14.04660742          0.12381107              0
1874.67890110       15.66860830          0.14525543              0
1875.73051520       16.02671385          0.13900514              0
1880.78726460       17.99207635          0.18529605              0
1881.73193910       18.65336385          0.45327856              0
1886.63094060       21.53424324          0.64035926              0
1887.74345640       22.43035948          0.24297047              0
1889.76679310       24.02396935          0.15391343              0
1891.70200110       26.12076644          0.66838959              0
1901.67562040       38.17970213          0.12532549              0
1912.65033940       52.81586106          0.14039380              0
1914.63783990       54.98042703          0.11951516              0
1923.62498340       61.10904819          0.15553790              0
1965.56809960       50.29683984          0.16431148              0
1970.72380580       47.99183696          0.34851463              0
1986.59511550       42.67972385          0.15122155              0
2000.58538580       38.60659272          0.28148480              0
2039.63303370       28.43954058          0.15813470              0
2042.56265050       27.79006097          0.17060274              0
2043.53949920       27.55977679          0.13707278              0
2046.45255510       26.97796960          0.23888107              0
2051.47144090       25.91274853          0.09859755              0
2079.35408740       20.39241354          0.20330480              0
2352.46980010       21.55870198          0.23622109              0
2354.61741510       21.26549177          0.11708160              0
2360.61685360       20.05605587          0.24144756              0
2361.62897240       19.71701435          0.23441254              0
2364.67957790       19.60390861          0.41992400              0
2370.59588930       18.24613588          0.20935706              0
2377.57721840       17.14917184          0.29011289              0
2385.52871950       15.90122209          0.23718192              0
2389.54128920       15.21415254          0.41022366              0
2391.53693620       14.99214600          0.16355754              0
2394.52883640       14.86426053          0.26961401              0
2430.43244260       14.25109317          0.25794087              0
2432.61102410       14.55965519          0.14628955              0
2436.39057010       15.72371310          0.18937576              0
2437.40558750       16.15441620          0.14500155              0
2438.39349310       16.16978526          0.16896152              0
2447.53545760       21.49550758          0.17755071              0
2448.55653640       21.92544846          0.13943128              0
2554.30546550       40.76774467          0.22493544              0
2557.33216510       39.85715553          0.19527476              0
2624.77967670       23.05574603          0.29146866              0
2625.78968440       23.06560945          0.16399760              0
2641.77947070       19.99997487          0.20052966              0
2646.65928020       19.13544648          0.19730810              0
2659.69833870       16.82974381          0.23070995              0
2663.56543220       16.48649297          0.17532627              0
2706.38178560       13.51627087          0.29201248              0
2718.38953230       16.26341211          0.20157567              0
2726.61668750       20.52287804          0.23035522              0
2727.61291060       20.96017043          0.17474556              0
2734.52405340       27.09613285          0.13691483              0
2773.53404750       61.69881803          0.21347452              1
2778.61281260       60.67306429          0.40900863              1
2789.41364850       57.17384577          0.21183303              1
2791.37229130       56.55758335          0.19257074              1
2806.52540030       50.23854594          0.29022922              1
2828.65189100       42.69767320          0.78425219              1
2960.79628610       14.24292282          0.13476759              1
